2396
364
418
434
331
321
300
250
274
340
392
412
276
268
326
642
571
473
581
562
432
415
440
488
486
591
564
522
353
244
2384
386
821
548
645
655
620
590
704
534
576
415
562
427
525
515
511
603
370
467
451
658
754
511
496
496
449
664
665
506
1860
542
628
527
359
306
473
549
615
580
441
503
462
505
602
659
378
518
567
375
326
428
421
508
572
611
595
551
254
390
1528
495
449
548
505
465
508
582
435
234
